0 Robowriter
0 Name: arm.ldr
0 Author: efw27
0 Unofficial Model
0 ROTATION CENTER -140 -100 80 1 "Top" 
0 ROTATION CENTER -320 100 0 1 "Bottom" 
0 ROTATION CONFIG 1 1
1 72 84.853 20 -84.853 0.707107 0 0.707107 0 -1 0 0.707107 0 -0.707107 32278.dat
1 0 240.416 40 -155.563 0 0.707107 0.707107 1 0 0 0 0.707107 -0.707107 6558.dat
1 0 367.696 40 -197.99 0 0.707107 0.707107 1 0 0 0 0.707107 -0.707107 6558.dat
1 0 480.833 40 -84.853 0 0.707107 0.707107 1 0 0 0 0.707107 -0.707107 6558.dat
1 0 183.848 40 -183.848 0 0.707107 0.707107 1 0 0 0 0.707107 -0.707107 6558.dat
1 71 42.426 40 42.426 0 -0.707107 0.707107 1 0 0 0 0.707107 0.707107 32556.dat
1 71 325.269 40 -240.416 0 -0.707107 0.707107 1 0 0 0 0.707107 0.707107 32556.dat
1 71 282.843 40 -282.843 0 -0.707107 0.707107 1 0 0 0 0.707107 0.707107 32556.dat
1 0 127.279 40 -42.426 0 0.707107 0.707107 1 0 0 0 0.707107 -0.707107 6558.dat
1 0 84.853 40 -84.853 0 0.707107 0.707107 1 0 0 0 0.707107 -0.707107 6558.dat
1 72 84.853 60 -84.853 0.707107 0 0.707107 0 -1 0 0.707107 0 -0.707107 32278.dat
1 72 141.421 20 -56.569 0.707107 0 0.707107 0 -1 0 0.707107 0 -0.707107 32278.dat
1 72 226.274 40 -141.421 0.707107 0 0.707107 0 -1 0 0.707107 0 -0.707107 32278.dat
1 72 183.848 40 -183.848 0.707107 0 0.707107 0 -1 0 0.707107 0 -0.707107 32278.dat
1 72 381.838 20 -183.848 -0.707107 0 0.707107 0 -1 0 0.707107 0 0.707107 32278.dat
1 72 466.69 40 -98.995 -0.707107 0 0.707107 0 -1 0 0.707107 0 0.707107 32278.dat
1 0 509.117 20 -56.569 0 0.707107 0.707107 1 0 0 0 0.707107 -0.707107 32184.dat
1 1 494.975 30 -70.711 0 -0.707107 -0.707107 -1 0 0 0 0.707107 -0.707107 43093.dat
1 1 523.259 30 -42.426 0 -0.707107 -0.707107 -1 0 0 0 0.707107 -0.707107 43093.dat
1 71 565.685 20 0 -0.707107 0 -0.707107 0 1 0 0.707107 0 -0.707107 55615.dat
1 0 572.756 -20 -7.071 -0.707107 0 0.707107 0 -1 0 0.707107 0 0.707107 2780.dat
1 0 572.756 20 -7.071 -0.707107 0 0.707107 0 -1 0 0.707107 0 0.707107 2780.dat
1 72 579.828 -40 -14.142 -0.707107 -0.707107 0 0 0 1 -0.707107 0.707107 0 32525.dat
1 72 579.828 -40 14.142 0.707107 -0.707107 0 0 0 1 -0.707107 -0.707107 0 32525.dat
1 72 381.838 60 -183.848 -0.707107 0 0.707107 0 -1 0 0.707107 0 0.707107 32278.dat
1 72 141.421 60 -56.569 0.707107 0 0.707107 0 -1 0 0.707107 0 -0.707107 32278.dat
1 0 586.899 -40 -21.213 -0.707107 0.707107 0 0 0 1 0.707107 0.707107 0 6628.dat
1 0 586.899 -40 21.213 -0.707107 -0.707107 0 0 0 1 -0.707107 0.707107 0 6628.dat
1 0 586.899 -100 21.213 -0.707107 -0.707107 0 0 0 1 -0.707107 0.707107 0 6628.dat
1 0 586.899 -100 -21.213 -0.707107 0.707107 0 0 0 1 0.707107 0.707107 0 6628.dat
1 72 141.421 40 28.284 -0.14142 0 -0.989949 0 -1 0 -0.989949 0 0.14142 6629.dat
1 71 0 60 0 0 -0.707107 0.707107 -1 0 0 0 -0.707107 -0.707107 32073.dat
1 1 14.142 10 -14.142 0 -0.707107 -0.707107 -1 0 0 0 0.707107 -0.707107 43093.dat
1 1 -14.142 10 14.142 0 -0.707107 -0.707107 -1 0 0 0 0.707107 -0.707107 43093.dat
1 4 0 -10 0 0 -0.707107 0.707107 -1 0 0 0 -0.707107 -0.707107 32062.dat
1 71 0 80 0 0.707107 -0.707107 0 0 0 1 -0.707107 -0.707107 0 3649.dat
1 71 0 0 0 0.707107 -0.707107 0 0 0 1 -0.707107 -0.707107 0 3649.dat
0 STEP
1 0 -59.999 0 0 0.707107 -0.707107 0 -0.707107 -0.707107 0 0 0 -1 4716.dat
1 0 -59.999 80 0 0.707107 -0.707107 0 -0.707107 -0.707107 0 0 0 -1 4716.dat
1 14 -60 80 -25 1 0 0 0 -1 0 0 0 -1 32123a.dat
1 14 -60 80 25 1 0 0 0 -1 0 0 0 -1 32123a.dat
1 0 -100 40 -70 0 0 1 0 -1 0 1 0 0 3706.dat
1 0 -100 40 70 0 0 1 0 -1 0 1 0 0 3706.dat
1 14 -60 0 -25 1 0 0 0 -1 0 0 0 -1 32123a.dat
1 14 -60 0 25 1 0 0 0 -1 0 0 0 -1 32123a.dat
1 71 -60 40 100 0 0 -1 0 1 0 1 0 0 4519.dat
1 0 -60 80 -100 -1 0 0 0 1 0 0 0 -1 32270.dat
1 0 -60 0 100 -1 0 0 0 1 0 0 0 -1 32270.dat
1 0 -100 40 -100 -1 0 0 0 1 0 0 0 -1 32270.dat
1 0 -100 40 100 -1 0 0 0 1 0 0 0 -1 32270.dat
1 71 -60 40 -100 0 0 -1 0 1 0 1 0 0 4519.dat
1 71 -60 80 100 0 1 0 -1 0 0 0 0 1 3713.dat
1 0 -59.999 80 -10 0 0 1 0 -1 0 1 0 0 3708.dat
1 0 -59.999 0 10 0 0 1 0 -1 0 1 0 0 3708.dat
1 71 -60 40 -100 0 1 0 -1 0 0 0 0 1 32269.dat
1 71 -60 40 100 0 1 0 -1 0 0 0 0 1 32269.dat
1 71 -60 0 -100 0 1 0 -1 0 0 0 0 1 3713.dat
0 STEP
1 4 275.772 100 -205.061 0.707107 0.707107 0 0 0 1 0.707107 -0.707107 0 6628.dat
1 71 226.274 20 -226.274 0.707107 0 -0.707107 0 1 0 0.707107 0 0.707107 55615.dat
1 71 282.843 60 -197.99 -0.707107 0 -0.707107 0 -1 0 -0.707107 0 0.707107 55615.dat
1 14 141.421 10 -56.569 0 -0.707107 0.707107 1 0 0 0 0.707107 0.707107 6628.dat
1 14 353.553 10 -212.132 0 -0.707107 0.707107 1 0 0 0 0.707107 0.707107 6628.dat
1 72 296.985 80 -212.132 -0.707107 -0.707107 0 0 0 1 -0.707107 0.707107 0 32523.dat
1 72 240.416 -20 -240.416 0.707107 0.707107 0 0 0 1 0.707107 -0.707107 0 32316.dat
1 4 247.487 -60 -247.487 -0.707107 0.707107 0 0 0 1 0.707107 0.707107 0 6628.dat
0 STEP
1 71 20 -40 40 0 -1 0 0 0 1 -1 0 0 4519.dat
1 71 20 -40 -40 0 -1 0 0 0 1 -1 0 0 4519.dat
1 71 20.001 -40 60 0 -1 0 0 0 1 -1 0 0 6536.dat
1 71 20.001 -40 -60 0 -1 0 0 0 1 -1 0 0 6536.dat
1 71 -20.001 120 -80 0 1 0 0 0 1 1 0 0 6536.dat
1 71 -20.001 120 80 0 1 0 0 0 1 1 0 0 6536.dat
1 4 -20.001 120 70 0 0 1 0 -1 0 1 0 0 32062.dat
1 4 -20.001 120 -70 0 0 1 0 -1 0 1 0 0 32062.dat
1 72 0 -20 0 1 0 0 0 -1 0 0 0 -1 32524.dat
1 72 0 100 0 1 0 0 0 -1 0 0 0 -1 41239.dat
1 0 0 110 120 0 -1 0 1 0 0 0 0 1 2780.dat
1 0 0 110 100 0 -1 0 1 0 0 0 0 1 2780.dat
1 0 0 110 -100 0 -1 0 1 0 0 0 0 1 2780.dat
1 0 0 110 -120 0 -1 0 1 0 0 0 0 1 2780.dat
1 0 -60 20 -60 0 0 -1 0 -1 0 -1 0 0 6558.dat
1 0 -60 20 60 0 0 1 0 -1 0 1 0 0 6558.dat
1 0 -60 100 -60 0 0 -1 0 -1 0 -1 0 0 6558.dat
1 0 -60 100 60 0 0 1 0 -1 0 1 0 0 6558.dat
1 0 -60 -20 -70 0 0 1 0 -1 0 1 0 0 2780.dat
1 0 -60 -20 70 0 0 1 0 -1 0 1 0 0 2780.dat
1 0 -100 -170 80 0 -1 0 1 0 0 0 0 1 2780.dat
1 0 -100 -170 40 0 -1 0 1 0 0 0 0 1 2780.dat
1 0 -100 -170 -40 0 -1 0 1 0 0 0 0 1 2780.dat
1 0 -100 -170 -80 0 -1 0 1 0 0 0 0 1 2780.dat
1 72 -100 -180 0 -1 0 0 0 -1 0 0 0 1 32525.dat
1 72 -60 -40 40 1 0 0 0 0 -1 0 1 0 32009.dat
1 72 -60 -40 -40 1 0 0 0 0 -1 0 1 0 32009.dat
1 72 -139.999 120 -80 1 0 0 0 0 1 0 -1 0 32009.dat
1 72 -60 40 -80 1 0 0 0 0 1 0 -1 0 32524.dat
1 72 -60 40 80 1 0 0 0 0 1 0 -1 0 32524.dat
1 72 -139.999 120 80 1 0 0 0 0 1 0 -1 0 32009.dat
1 72 -80 40 20.001 0 0 1 -1 0 0 0 -1 0 32523.dat
1 72 -80 40 -20.001 0 0 1 -1 0 0 0 -1 0 32523.dat
1 72 -140 40 120 0 0 1 -1 0 0 0 -1 0 32526.dat
1 72 -80 120 139.999 0 0 1 0 1 0 -1 0 0 32526.dat
1 72 -80 120 -139.999 0 0 1 0 -1 0 1 0 0 32526.dat
1 72 -59.999 100 -140 0 0 -1 0 -1 0 -1 0 0 32524.dat
1 72 -140 120 -120 0 0 1 0 -1 0 1 0 0 6587.dat
1 72 -140 120 120 0 0 -1 0 -1 0 -1 0 0 6587.dat
1 72 -120 120 140 0 1 0 0 0 1 1 0 0 42003.dat
1 72 -120 120 -140 0 1 0 0 0 1 1 0 0 42003.dat
1 0 -120 100 -140 0 0 -1 -1 0 0 0 1 0 32556.dat
1 0 -100 100 -140 0 0 -1 -1 0 0 0 1 0 32556.dat
1 0 -80 110 -139.999 0 0 -1 -1 0 0 0 1 0 2780.dat
1 0 0 110 -140 0 0 -1 -1 0 0 0 1 0 2780.dat
1 0 -80 110 139.999 0 0 -1 -1 0 0 0 1 0 2780.dat
1 0 -100 110 140 0 0 -1 -1 0 0 0 1 0 2780.dat
1 1 -120 110 140 0 0 -1 -1 0 0 0 1 0 43093.dat
1 72 40 100 140 0 0 1 0 -1 0 1 0 0 32009.dat
1 0 0 100 140 0 0 -1 -1 0 0 0 1 0 32556.dat
1 72 -140 40 -120 0 0 1 1 0 0 0 1 0 32526.dat
1 72 -140 80 100 1 0 0 0 0 1 0 -1 0 32316.dat
1 72 -140 80 -100 1 0 0 0 0 1 0 -1 0 32316.dat
1 0 -140 40 100 0 0 1 0 -1 0 1 0 0 6558.dat
1 0 -140 80 90.001 0 0 1 0 -1 0 1 0 0 2780.dat
1 0 -60 40 30 0 0 1 0 -1 0 1 0 0 2780.dat
1 0 -60 40 -30 0 0 1 0 -1 0 1 0 0 2780.dat
1 0 -140 80 -90.001 0 0 1 0 -1 0 1 0 0 2780.dat
1 0 -140 40 -100 0 0 -1 0 -1 0 -1 0 0 6558.dat
1 72 -140 -40 100 1 0 0 0 0 -1 0 1 0 32140.dat
1 72 -140 -40 -100 1 0 0 0 0 -1 0 1 0 32140.dat
1 0 -120 -100 -90 0 -1 0 0 0 -1 1 0 0 4459.dat
1 0 -120 -100 90 0 -1 0 0 0 -1 1 0 0 4459.dat
1 4 -140 -40 -90.001 0 0 1 0 -1 0 1 0 0 32062.dat
1 4 -140 -40 90.001 0 0 1 0 -1 0 1 0 0 32062.dat
1 72 -60 120 54.999 1 0 0 0 0 -1 0 1 0 2905.dat
1 72 -59.999 120 65 1 0 0 0 0 -1 0 1 0 2905.dat
1 72 -59.999 120 -65 1 0 0 0 0 -1 0 1 0 2905.dat
1 72 -60 120 -54.999 1 0 0 0 0 -1 0 1 0 2905.dat
1 1 -100 120 70 0 1 0 0 0 -1 -1 0 0 43093.dat
1 1 -100 120 -70 0 -1 0 0 0 -1 1 0 0 43093.dat
1 0 -60 120 -50 0 1 0 0 0 -1 -1 0 0 3705.dat
1 0 -60 120 50 0 1 0 0 0 -1 -1 0 0 3705.dat
1 0 20 -40 0 0 1 0 1 0 0 0 0 -1 32034.dat
1 0 -59.999 120 0 0 1 0 1 0 0 0 0 -1 32034.dat
1 0 0 -40 59.999 0 1 0 1 0 0 0 0 -1 32054.dat
1 0 0 -40 -59.999 0 1 0 1 0 0 0 0 -1 32054.dat
1 0 0 100 80.001 0 1 0 1 0 0 0 0 -1 32054.dat
1 0 0 100 -80.001 0 1 0 1 0 0 0 0 -1 32054.dat
1 151 -100 40 -60 0 1 0 0 0 1 1 0 0 53787.dat
1 151 -100 40 60 0 1 0 0 0 1 1 0 0 53787.dat
0 STEP
1 72 -14.142 85 125.858 0.707107 0 -0.707107 0 1 0 0.707107 0 0.707107 32250.dat
1 72 -14.142 75 125.858 0.707107 0 -0.707107 0 1 0 0.707107 0 0.707107 32250.dat
1 0 -42.426 70 154.142 0 0.707107 -0.707107 -1 0 0 0 0.707107 0.707107 2780.dat
1 0 -84.853 50 196.569 0 0.707107 -0.707107 -1 0 0 0 0.707107 0.707107 2780.dat
1 0 -98.995 50 210.711 0 0.707107 -0.707107 -1 0 0 0 0.707107 0.707107 2780.dat
1 1 14.142 90 154.142 0 0.707107 -0.707107 -1 0 0 0 0.707107 0.707107 43093.dat
1 1 -70.711 70 182.426 0 0.707107 0.707107 1 0 0 0 0.707107 -0.707107 43093.dat
1 72 -14.142 85 125.858 0.707107 0 -0.707107 0 1 0 0.707107 0 0.707107 32250.dat
1 151 -84.853 40 196.569 0 -0.707107 -0.707107 1 0 0 0 -0.707107 0.707107 53793.dat
1 0 14.142 40 154.142 0 0.707107 -0.707107 -1 0 0 0 0.707107 0.707107 32072.dat
1 72 -70.711 60 182.426 0.707107 0 0.707107 0 -1 0 0.707107 0 -0.707107 32316.dat
1 4 7.071 40 161.213 -0.707107 -0.707107 0 0 0 -1 0.707107 -0.707107 0 32062.dat
1 151 -120 80 -140 0 0 -1 -1 0 0 0 1 0 53793.dat
1 0 -20 60 -180 -1 0 0 0 1 0 0 0 -1 32184.dat
1 4 -30 80 -180 -1 0 0 0 0 -1 0 -1 0 32062.dat
0 STEP
1 10 -440 134 -10 -1 0 0 0 1 0 0 0 -1 3811.dat
1 71 -280 110 -120 -1 0 0 0 1 0 0 0 -1 3703.dat
1 71 -280 110 120 -1 0 0 0 1 0 0 0 -1 3703.dat
1 71 -600 110 -120 -1 0 0 0 1 0 0 0 -1 3703.dat
1 71 -600 110 120 -1 0 0 0 1 0 0 0 -1 3703.dat
1 151 -680 105 -0.001 -1 0 0 0 1 0 0 0 -1 53788c01.dat
0 STEP
1 71 -420 120 -100 0 1 0 -1 0 0 0 0 1 55615.dat
1 71 -380 60 20 0 0 1 -1 0 0 0 -1 0 55615.dat
1 71 -420 120 100 0 0 -1 -1 0 0 0 1 0 55615.dat
1 72 -400 120 80 0 1 0 -1 0 0 0 0 1 32523.dat
1 72 -400 120 -80 0 1 0 -1 0 0 0 0 1 32523.dat
1 72 -380 60 -100 0 1 0 0 0 1 1 0 0 32140.dat
1 72 -380 60 100 0 -1 0 0 0 1 -1 0 0 32140.dat
1 0 -390 120 80 1 0 0 0 0 1 0 -1 0 2780.dat
1 0 -390 120 -80 1 0 0 0 0 1 0 -1 0 2780.dat
1 1 -390 60 100 1 0 0 0 0 1 0 -1 0 43093.dat
1 1 -390 60 -100 1 0 0 0 0 1 0 -1 0 43093.dat
1 72 -400 60 0 0 1 0 -1 0 0 0 0 1 32525.dat
1 151 -320 100 0 0 0 1 0 -1 0 1 0 0 54715c01.dat
1 25 -320 100 0 0 -0.34202 0.939693 0 -0.939693 -0.34202 1 0 0 54725.dat
1 25 -320 100 0 0 -0.34202 -0.939693 0 -0.939693 0.34202 -1 0 0 54725.dat
1 0 -326.84 81.207 40 0 -0.34202 0.939693 0 -0.939693 -0.34202 1 0 0 6558.dat
1 72 -320 100 40 -0.939693 0 -0.34202 0.34202 0 -0.939693 0 -1 0 32523.dat
1 72 -333.681 62.411 60 -0.939693 0 -0.34202 0.34202 0 -0.939693 0 -1 0 32524.dat
1 0 -354.202 6.031 70 0 -0.939693 -0.34202 0 0.34202 -0.939693 1 0 0 2780.dat
1 0 -313.16 118.793 40 0 -0.34202 0.939693 0 -0.939693 -0.34202 1 0 0 6558.dat
1 0 -326.84 81.207 -40 0 -0.34202 -0.939693 0 -0.939693 0.34202 -1 0 0 6558.dat
1 72 -320 100 -40 0.939693 0 -0.34202 -0.34202 0 -0.939693 0 1 0 32523.dat
1 72 -333.681 62.411 -60 0.939693 0 -0.34202 -0.34202 0 -0.939693 0 1 0 32524.dat
1 0 -354.202 6.031 -70 0 0.939693 -0.34202 0 -0.34202 -0.939693 -1 0 0 2780.dat
1 0 -313.16 118.793 -40 0 -0.34202 -0.939693 0 -0.939693 0.34202 -1 0 0 6558.dat
1 0 -140 -100 90 0 1 0 0 0 -1 -1 0 0 2780.dat
1 0 -140 -100 -90 0 1 0 0 0 -1 -1 0 0 2780.dat
1 72 -247.855 -47.395 -80 0.438371 0 0.898794 0.898794 0 -0.438371 0 1 0 41239.dat
1 72 -247.855 -47.395 80 0.438371 0 0.898794 0.898794 0 -0.438371 0 1 0 41239.dat
0
